[dotenv@17.2.3] injecting env (32) from .env -- tip: ⚙️  suppress all logs with { quiet: true }
PAUSE=UC_79QMBF count=88
206
214
222
228
230
236
240
262
266
272
280
322
344
360
364
368
370
374
382
404
452
514
536
544
562
610
644
648
672
674
696
698
700
732
760
780
820
830
874
880
926
960
1052
1118
1140
1168
1194
1198
1200
1270
1288
1300
1310
1312
1334
1340
1354
1390
1414
1418
1422
1430
1458
1470
1488
1510
1524
1532
1566
1580
1586
1594
1604
1682
1684
1698
1706
1714
1716
1726
1730
1744
1750
1752
1754
1760
1764
1792
