[dotenv@17.2.3] injecting env (5) from .env -- tip: ⚙️  load multiple .env files with { path: ['.env.local', '.env'] }
PAUSE=UC_79QMBF count=83
206
214
222
228
230
236
240
262
266
272
280
322
344
360
364
368
370
374
382
404
452
514
536
544
562
610
644
648
672
674
696
698
700
732
760
780
806
820
830
874
880
1052
1118
1140
1168
1198
1200
1270
1288
1300
1312
1334
1340
1414
1422
1430
1458
1470
1488
1510
1532
1566
1580
1584
1586
1594
1596
1604
1644
1668
1682
1684
1702
1706
1708
1714
1716
1724
1726
1730
1734
1744
1750
