TOTAL=83

no_change: 60
ids_sample: 214, 222, 230, 236, 240, 262, 280, 322, 344, 368, 370, 374, 452, 536, 544, 562, 644, 648, 672, 700, 732, 806, 820, 874, 880, 1118, 1140, 1168, 1198, 1200, 1288, 1300, 1312, 1334, 1340, 1414, 1422, 1430, 1458, 1470, 1488, 1532, 1584, 1594, 1596, 1604, 1644, 1668, 1682, 1684

skipped:task_closed: 17
ids_sample: 206, 228, 272, 360, 404, 514, 674, 696, 698, 760, 830, 1052, 1270, 1510, 1566, 1580, 1586

skipped:wrong_task_title: 2
ids_sample: 266, 364

skipped:no_prev_stage: 2
ids_sample: 610, 780

skipped:measure_set: 1
ids_sample: 382

skipped:final: 1
ids_sample: 1724

